0.25245503896494725
0.24694496718218895
-0.010022654779079071
0.07331947644336412
0.3908817861030526
0.20051858856835875
-0.07813725492820484
0.13377363111992618
-0.01573835160810738
0.19689670197959364
-0.5569108656343678
-0.6682285891647631
-0.20198867733211096
0.17783698584114754
-0.1508877035456423
0.20313877443983153
0.4927947606801005
0.4310319803750177
0.3915972408812942
0.6923453651246974
0.7665510340410073
0.6875675183567036
0.8798138544323879
0.810376018524618
0.8634000391027028
0.7575913879750551
0.9052657871998542
0.4424665074145854
0.42500082585241367
0.33824116017829453
0.21093118896693197
0.5447618467975835
0.5264252153085726
0.7343280518163995
0.5629519523938973
0.45148116670862126
0.6928326547146954
0.5410716935733516
0.5283328247856967
0.5710812681900194
0.6739976430714966
0.9334791250569363
0.7445033139643793
0.4085841465463079
0.38473067792984916
0.1104759289696243
0.5201804008733278
0.5379895008160483
0.7239593336070331
0.5416870762132071
0.4468832736099877
0.3654901576731579
-0.015560078869990779
0.36855561437519124
0.20750912841663685
0.3552771030649524
0.3986194367956508
0.1812341594133484
0.6723260458797495
0.57902570898849
0.5771042926953613
0.13046140934979905
0.037618465261849754
-0.011213109060543014
0.25498220902489166
0.027611282359496198
0.07004283290809754
-0.283424416660785
-0.4102785914618263
-0.4118757078145132
0.05124046152808803
-0.3466432714672936
0.05551726160793918
-0.021991656433575146
0.5676385569475055
-0.05747153524254245
0.20478359812898161
0.5676659926256916
0.855242354924158
0.7428813252219637
0.682994499218951
0.8718971071964177
0.8220384688499294
0.5813527850927753
0.9228847786554908
1.1254852359111844
1.1180225833851711
1.0994429975889015
1.0941308485537706
1.1569794735777752
1.1577518527614934
1.1478877303415067
0.8779488250330532
0.9203687426330727
0.19481267658935914
0.4271653037228411
0.6209785378200299
0.5943748765509641
0.7837151347022774
0.6862254223866635
0.6653160915371404
0.8136201176391854
0.9128193705619096
0.6651099028615928
0.8175563449425197
1.006779285132592
1.0413047726375055
1.013989087631309
1.1363218958231285
0.8711740375189365
0.9619378006239095
0.8600536665005615
1.0579482721861033
0.009802833079599838
-0.2994774320794945
-0.3811825347578458
-0.3512431650571543
-0.24254776688659502
-0.08075555245922844
0.2076528748970802
0.313694218173488
0.039957235173064015
-0.1942178235009182
0.2711940822289373
0.25276445661657626
0.27459006851816214
0.5483321818926241
0.7773603212784148
0.9970455460810825
0.6666080666859661
1.0033783324945769
1.2933882774620094
1.1745370238184623
1.2190734711614601
1.1841648661333637
1.405594059151794
0.7808347126181581
0.8505508233991195
1.2185637727383236
0.7007847665619795
0.9002843436330483
-0.7177006680943141
-1.0092361081327839
0.288435767979907
0.6436096205132542
-0.9324480652008733
0.47770770538107643
0.41914229520130863
0.58985360861595
-1.7559884441758598
-2.967235595514248
-1.5988073064839385
-1.1204711371189655
-2.0226685017392105
-1.811865968630069
-2.709655518518206
-2.2779411942762913
-1.9155030111115654
-1.8209462175887876
-2.56427567892264
-3.920960806983812
-1.8390173368532128
-0.4501074692073379
0.06049127150658551
-0.141858199958238
0.2841624469947962
0.7646092880524997
0.6467020180209374
0.8601516882918341
1.0062683078385404
1.1044102102436848
0.8401277323849785
0.6331225474522167
1.267680104474084
1.2711907466197607
1.1602889919542567
1.0081278892758954
1.2866689750279352
0.7151681644840264
1.1750196746105082
0.8768291904241636
1.3708424021799248
1.3357099521769464
0.23665221628566915
0.8756041773932847
0.7759627728862769
0.853565736342873
0.32682069538959857
0.8321088326085024
0.5157067815874584
0.6539032098595657
0.9407538632467278
0.7281136011962378
0.5205727014197448
0.6290116191431736
0.3171420602985566
0.08373510208688492
0.23320037371807575
-0.7002299246536303
-0.019535380299745525
-0.22525947839256588
-0.01598954332171232
0.23255598014301426
-0.2643610359471499
-0.33299985675646127
0.15493029991688734
-0.2922717018616289
-0.08868289603748597
-0.3688603527984117
-1.170019137389507
-2.654573606894961
-0.9922251739893986
0.01937221219945462
0.016797598328799512
-0.015027255597898082
0.3991603758303489
0.41251608504465054
0.4679936897745163
0.5473204503711977
0.47317551559741866
0.7780678942310226
0.9352119077121829
0.06018176321067795
-2.1440592631989803
-0.4127950290444181
0.5113391013103562
0.42376629337472266
0.752059974018456
0.5411255247509832
0.1268026086845968
0.02475695685985707
-0.9030830333321527
-2.0015439797780603
-1.5945558116881366
-0.9750481125160204
-0.6079007240888601
-0.7440882394673841
-0.016196650166433124
0.0507252595418306
0.16894721945544633
0.5665312131331106
0.4921019511107645
-0.6015132503454146
-1.646585921686157
-1.500903031354259
-1.153671025978798
-0.8240109907912462
-0.3401400885192834
-0.5083666509946233
-0.13576664912905245
0.42213844860568206
0.7950983493480306
0.22641553260449723
0.5890137620513711
-0.6572331365976144
0.038106807427181144
0.1343818559936268
0.5388579969998919
-0.2927645096306489
0.11101218850069056
0.24759678906596527
0.4964612669807015
0.9243000418477014
0.46508152273154096
0.19765570793661216
1.215459182105386
1.1353980502014773
0.6600582005807938
0.5398557214329528
0.00107348538239746
0.715666792155551
-0.06256415172814889
0.1773747155547873
0.12950757818827613
-0.003266290076273548
-0.2847520786628336
0.1546745959724431
-0.3876585757675821
-0.5911837855413675
-0.8035716140293299
-0.21506469748632662
-0.6522904653677248
-0.5741161207817886
-0.7703612373113439
-0.37987908729218167
-0.673685794845627
-0.25623201230595194
-0.08472864606653668
0.058624450121565974
-1.012252200260382
-0.21354452781728567
-0.38374892707532704
0.3784165674700257
0.7387234070931346
0.20481258143718598
0.45619609760496305
0.4297442618913292
0.7699198720627309
0.9160318787748551
0.9195840540286313
0.41106272897834617
0.8001987105992936
0.018717942733722986
-0.47966414223883236
-1.2645404804558686
-2.1073358221407243
-1.1737187550381842
-2.5207051990021956
-0.39125502774166443
-2.638522050227202
-1.5514197278187607
-0.5028963648372139
-0.5098576852259353
-0.19601321596489074
0.20114774453684284
0.23467249027384568
0.4669233154021496
0.5726892641680773
0.613091578722338
0.5238849744912311
0.19537068459779833
0.3571402030195999
0.7523879540548296
0.8531108582194291
1.158752726098793
0.4734194916991486
-2.3559276054109395
-0.5974097330362227
-0.036592301062214005
-2.55151528787772
-0.28478630174278474
0.19478240839923844
0.29384973377502294
0.3629569053363758
0.012857471874946153
-0.20565348147208995
0.17506008725263444
0.5909978806073533
0.4869420390868918
0.3265177825316945
0.3298981185871501
0.30584284262483397
0.946949615653234
0.9265962381009742
0.4118901016346013
0.9175218429679812
0.9099255874637135
0.5113056326701882
0.684609032550136
0.5498776476418187
0.34309265520028376
0.18154080094563457
0.6129473005948245
0.7629631432717092
-0.510963892815606
-0.16349259410795625
0.2441442017223534
-0.3050265250203708
-0.09345575689697827
0.8599379464694428
1.0427636943041458
-0.13245650782984675
0.2629834039664296
0.6448540397856273
0.5200212544599412
0.9477210487380532
0.9036188219762011
0.546170235987635
0.18053363580411552
0.914951647052078
1.6964314486636491
0.6928997494800581
0.9597363814064489
0.8538234445308325
0.9309263571696706
1.0052184284157466
0.8346555209137334
1.034553953172392
1.0396307951104196
0.4706863064746822
-0.07931819715478439
0.3887642454077765
0.7055969726159944
0.7200723286854758
0.8293297461119665
0.33662528021409166
0.7722598188287061
1.0328144548179414
0.7750200384465449
0.8147389979441684
0.8046553588382155
0.3982611008219602
0.6528675661034224
0.5753956976464821
0.8627442830153181
-0.2239772381434162
0.38142879908134764
0.82664156120689
0.6840916875121712
0.5439142161856727
0.13436028874043926
-0.581373002619906
-0.0001544441563298693
0.291689216886109
0.653375482093274
-0.05737825685383438
0.19534056780871942
0.014652706460242915
-0.3176139200065419
-1.5842739620522541
-1.4203998878962218
-0.3241237881144799
-0.011312300809220022
0.517487068851102
0.25442496216152066
-0.45110773515004843
-0.3430107764101069
0.07373722856181708
-0.2079484477294128
-1.6300822398888692
-0.22170902406340443
0.08000416865167215
0.1411251167371545
-1.1200467406201366
-1.2446443165002032
-1.3883442238372592
-1.0212244566386
-0.5148977522311289
-1.0634222566134797
-1.8398433862730073
-2.389965640388973
-2.366505303395094
-1.9483464728959372
-0.8303646099462918
-0.3017794738615226
-0.18791817579853665
-0.3589974914678232
-0.42096120043328433
-1.137641773151827
-0.6947177557364446
0.1388253884876654
-0.6502802529438787
-0.5781201961596361
-0.4007765125369822
-0.026309879680335213
0.5569394505233609
0.26476844906652885
-0.6088104973322708
-0.275397025911307
0.1962151317988709
0.3704186918263669
0.5201222035482841
0.5449711197920726
0.5096220913939193
0.7621689186860584
0.6542879360056059
0.32494385121176894
0.5981000693884322
0.30465616054225547
0.48136649797483344
-1.0255133271769072
-1.9397659607165718
-1.2299385299295544
-1.277266301754142
-1.7929508893088135
-1.1587158185615671
-0.2415596900208863
-0.8150128978445825
-0.5480966436708271
-0.5427977364642234
-0.5302892708873739
-2.168030870087879
-1.3207472101940347
-0.5603655712850465
-0.16568169155860707
-0.11442000011009362
-1.360695432844833
-1.4723171946978442
-1.3761349644086573
-2.070519942539252
-2.4727911928672093
-1.625061602537423
-2.601303959022621
-3.6684165189953335
-1.4321009297047629
-0.06441863470799414
0.060865548610186004
-0.21199351916439851
-0.28022606659189075
0.17592972436359866
-0.3630063791663064
-0.032619630872051
0.4598232428921113
0.5615860540873236
0.32646533460617355
0.6861241278432378
0.32903142201318203
0.5656351334595844
0.4180310311315152
0.23333067275648117
0.4216521719954717
-0.09785014461649832
-1.6230889477777188
-0.8469555676508632
-0.6396670049149431
-0.21086012956998085
-0.20949339515355575
-1.132084906334559
-0.8181593645567454
0.264375589389579
-0.24403323626720663
0.507421228988943
0.7035696805823894
-0.2357222582462986
0.4452708501899674
0.5095233224188169
0.813335663050993
0.972854737116878
0.7978498192906585
0.8810840222525067
0.6721737617986463
0.6611309820855136
0.45203866430930767
-0.3175984886077806
-1.6023331202084912
-1.0898518206250933
0.05268821292455525
0.5423383031927227
-1.6929002780196394
-0.8338340501161445
-0.6711286306367352
0.021146964024940207
0.17393446208856173
0.2642024758031779
-1.8164633023621353
-2.5373771359539434
-0.5469209148241886
-2.00181206973192
-1.4930204680756605
-2.2400273255213694
-3.670858273153838
-1.1159963355631464
-0.7068982308987032
-1.05580039421853
-0.18193954138457946
0.44787182424748817
0.4065304815598618
-0.03885305890089302
0.3435258501334166
0.36617928969782987
-1.24160042225404
-0.44592403988231
-0.1868715784306677
-0.24923355063080904
-0.7313152045750672
-2.3492428396850995
-3.7436843005688116
-2.4868995391491406
-1.7957236894828112
-1.0427944264904823
-0.4524784737724178
-0.6749550017984093
-2.492841893663938
-1.4865939651826314
-0.3452617655014194
-0.2566478885091985
0.11140740707723645
0.4327468005194775
-0.24914247139875434
-0.9606667405047127
-0.9251053562185454
0.09695226620031568
0.5489428491267974
0.1822992197489482
0.4447375818185841
-0.16140863432218167
0.3710647490850425
-0.013897572098995559
0.2091715661735885
-0.16551732139139996
-0.5178060715448385
-1.7284097015202342
-2.47186783867694
-4.002350164562258
-2.879521641652799
-1.2395244060570096
-1.0825453294074008
-2.0775177335531207
-2.428006744822053
-1.2415144306265338
-2.3751101480358665
-3.333247647654316
-2.2273296540043734
-2.82695043864127
-1.8626859503851103
-0.3921553463297325
-0.9966461624972831
-0.41986634201102013
-0.40641837509585943
-0.9450889130162796
0.0803173344492748
-0.2399733272901743
0.4881339115040319
0.6853484169826027
0.6035739561400804
0.22110616266528496
-0.27695823516547413
-1.272654225764435
-0.3125085171297146
-0.1512146337054664
0.19827527624079544
0.16264997968912687
-0.38309280258707756
-1.2351676938063771
-2.621353317351671
-1.3169515861729837
-1.5212874455955332
-1.4166983498747177
-1.018933798982011
-1.5256323201185897
-2.6420740876813253
-4.13990054953956
-1.674282708259952
-1.0762431927478906
-0.8037584594956029
-2.0000992208535626
-1.1592327571983876
-2.3393732369137084
-2.028069802318411
-2.2538759046835004
-1.0609877876789813
-1.3287432094957996
-1.8598849255170145
-1.74852919316482
-2.1184569709323657
-0.663536394927974
-0.08711117355173537
0.32792041188855
0.35333818119832827
0.3495488658183541
0.19972015093787612
0.4475563011303015
0.0807297905237509
0.2464713914427966
-1.213476189234233
-3.3940282254424012
-1.9711691571673884
-0.9870095684664759
-1.4044920515133907
-0.9667360926171098
-0.872711718991763
-0.6177424008770895
-0.9287461752023669
-1.1373335591147185
-1.1293732102870355
-2.057535192371387
-3.3112689015266055
-3.1212345140770923
-2.3878602461320693
-1.0335528169584103
-0.6239391924462977
-0.08684721739699752
-0.2787263019319093
-0.010368878064141218
0.05564853303948292
-0.5195805436259191
-0.06776464730638557
-0.08084984587869407
0.31159073611322996
0.06074171772979542
0.30777737913055725
-0.1452523114892409
0.22267399969002843
0.3124211288312665
-0.16269712731397995
0.13908427877001608
0.2582247967593522
0.32418178269798104
-0.5563448159720097
-0.23751735116977374
0.07088441137850972
0.21506349015483434
0.23335114141888502
0.4919617471029267
0.130491474847451
-0.3886897690301574
-0.5010405831987228
-0.4551770528341156
-0.44053227373257153
-0.26311584979367053
0.41747410753319675
0.4317977901318921
-0.2982265197125126
-0.7332796576485994
-1.9854555508183906
-0.18881183130649126
-0.39750316746609227
0.10857006864837815
0.16353391697029185
-0.04081874163871302
-0.5831784145443029
-0.7782928048220675
-0.8978069414331691
-0.2969443822759327
-0.4256910501431852
-0.19512661929296826
0.05735737029052673
0.2564421748239861
0.24559880658876027
0.1127696574586049
0.2221930334019962
0.09731395041382956
0.08669965171680333
-0.17728774408922143
0.01078604392114274
0.03179297969787631
0.21771082864586697
0.08924349116376579
-0.33252385598771617
0.1600292750134399
0.3321488940654816
0.11399434510194076
0.09824118247177738
-0.020210776959371235
0.2762333189432741
-0.29335543040074613
-0.18671128962020062
0.15058659518716186
-0.055711764415066894
-0.9185656451572577
-0.4449259874552115
-0.4283232109474723
-0.23543886707711248
-0.2030471092396985
-0.12387867158961613
-0.12458160984517147
-0.07775273009656364
-0.2567430121867493
-0.5367533193741305
-0.6819444801422959
-0.35462384017495696
-1.1349777895248276
-0.16232409965671618
0.39552415300471644
0.33888426628467794
-0.1756017852060936
-0.6250596180247714
-1.3551646979063112
-0.5799309116243138
-0.2522783385759657
0.01343204959036809
-0.20024745334287708
0.006343502850803734
-0.4586811690123809
-2.1520557201381214
-1.828398561271353
-0.6913286897127293
0.01726244442798154
-0.03494849928509858
0.2051862737019316
-0.06044017187232556
-0.17233513762036157
-0.2925025953203618
-0.19848390260697818
-0.06740429798879796
-0.05480618785431654
-0.6440636808552647
-1.207798841321454
-0.3154905059800382
-0.4891291267974933
-0.05740988929897686
-0.13367473794073503
-0.40980781586230497
-0.19563404173991322
-0.17597801839894056
-2.1215028490107883
-2.2422825832248536
-1.7768158688180222
-0.23399506879922904
-0.25120167792343817
-0.2129522680339309
0.22403845501621272
0.2852717840664073
0.36886147201347913
0.07492859702208846
-0.457646798897564
-0.6519442457651519
-0.332221320691096
-1.0067073214241364
-2.575797029064569
-1.8284347093921827
-1.5631564025496336
-1.0872901557401236
-1.839445327137308
-3.2194531286123302
-1.8877185385348014
-2.8568352467096636
-2.9680001400374856
-1.434269883986872
-0.6289588473558907
-0.08614487275225663
-0.051025593305065675
0.1823454715124807
0.08298115149628335
0.011722419763635972
-0.7575739738650636
-0.8503826950034428
-0.2443013827770536
-0.16424106784567316
-0.5423343531198446
-1.9012359192522534
-1.340382296945258
-0.290529107410469
-0.03322136910915596
0.31716275809098954
0.2818387868147355
0.24155801053502635
0.45923842086485933
0.5477167328502701
0.6748274720130034
0.5800558037774566
0.2242125386355966
0.4385782530772938
0.444271324294773
0.6106236229353716
-0.10168983595087777
0.2164798273134394
0.21029849416804255
0.4329060300160981
0.2709811712389159
0.20201864795261654
0.1468297209105322
0.3686001929871956
0.26990431817886895
0.009433713527170179
0.3714796688316056
-0.09006253335867986
-0.0012933137328995647
0.09881968845893775
-0.030408902064361365
0.23996563386530345
0.45357628589729265
0.434039854402518
-0.06851919544054208
-0.44228486256476307
-0.016724066119817527
-0.8036352414846186
-2.3257450765108
-2.993006619086384
-1.3697242886350354
-1.6038276317244256
-3.0624678448402296
-3.688744428102872
-1.2124832030769492
-0.2663685245120894
-0.3157053658721215
0.046380837156550725
0.17517619228196796
0.131085893693279
0.006722669273827753
-0.9290785524192724
-0.8676995077852103
-0.2950479511682897
-0.2801640718071055
-0.33553076694436035
-0.031448239616980844
-0.5173247321873751
-0.13153767226415242
-0.003815540196547673
-0.7546450608813072
-1.9249972072046229
-1.1413649034953353
0.09552430846881388
0.13932812814202303
0.05127498160972668
0.27439652308224927
0.42551359954225126
-0.06639075799659758
-1.388690954010294
-0.5174846810243328
-0.12337136295781437
-1.3056403803116041
-0.46042857325769215
-0.09527210086263269
-0.30723912448497154
0.0493485583785476
0.026442916864227284
0.014985910792593343
0.2502107215644812
0.047403011841045783
0.10678380129712077
-0.19833857559703094
0.17727020080228512
-0.1515405797975043
-0.12258024664493294
-0.23409083921922896
0.02562742440723692
0.15084379826511932
-1.5913323500637688
-2.7276219278813523
-2.805728061782319
-1.1830954945923973
-1.7119694695181258
-0.3557660581150294
-0.46278191270554514
-0.004185598488177955
-0.08877960809820312
0.005041727597699788
-0.2413471280652033
-0.17804722962709568
-0.14766840051921726
-0.0724274697100834
-0.9381417531606004
-0.4796476223875339
-0.6516835684215361
-1.3392916623348055
-2.463204058826915
-1.1583733202537005
-0.5363309799238712
-0.8775659897881551
-0.7348067916031256
-2.0833548680081497
-2.6342048606755855
-1.8951246689706631
-0.6246648873438626
-0.6616360204852002
-0.31283482190036904
-0.7066320475999754
-0.5877730622731524
-0.47059760746441737
-0.23019257434729345
-0.10211339995758684
-0.1160770870188439
-1.4812993392615328
-0.4913304027299479
-0.08866094138911496
-0.14630105386226677
0.2173091467370638
-0.4422559205829141
-0.6584243776396471
-0.7854681561452868
-1.1826346087052777
-0.785551315174675
-0.5873126934762627
-0.514597487993864
-0.6717511114534314
-0.008900915357310635
-0.337633510919377
0.18721377829931274
0.5642119369950376
0.42117473028678476
0.8238207213979251
0.4292780890786115
0.5708236443861403
0.2967761325787701
-0.051543723077953546
-0.22094924764507107
-0.04829508500833102
-0.6510010988184373
-0.07040165083203342
-0.12736370767005012
0.011519022170628807
0.39016754368376516
0.28555735595419224
-1.185839005123403
-1.84612449769725
-0.09988606081374432
-1.419600435003704
-1.3352881177555156
-0.7168814305743679
-1.138857172658373
-0.8360123403575792
-0.2864654250168024
-0.2797337781970472
-0.3504779424706286
-0.9240605897878622
-1.2052782133463296
-0.8700298864645741
-1.950317769658488
-3.083481235175089
-1.8337908983708906
-0.41473943272538716
-0.0562790754408804
-0.17128636419738535
0.21218064192026131
0.2465930639464094
0.44448611506231905
0.4116483250513987
-0.3800935085753385
-1.1091135605065887
-0.2716984129406377
0.09699960528122542
0.12024341532430877
0.040109033430951846
-1.0302872797866982
-0.3470560274149283
-0.36966581683008215
0.15874053388238785
0.5519645066669863
0.06433881761991667
0.4940510095952872
0.32992178503505043
0.29752914734750113
-0.08665120639237933
-0.8253448941303162
-0.5734027666365035
-0.7548432003937873
-0.17483278534665514
0.1552476637631905
0.5544415236160576
0.1578585623653928
0.49775152937462885
0.6840415973777663
0.8240471076529324
0.7082551367430756
0.8792744255942001
0.9660080454942229
-0.22562424244246726
0.6334648958900534
0.44999537664626155
0.8194067188747935
0.12222827622969967
0.0871737275586637
0.39619206956401615
0.0860821962506935
-0.13944297711249032
-0.2386954090866485
-0.21695234104278932
-2.57319124114926
-1.7930598213894051
-0.4454596462323386
-0.37753486250346047
0.06836872177140577
0.31450403897271906
0.45198176937798307
-0.9673026822423145
-2.4898644489780075
-0.9819119045064297
-1.627843017440911
-1.9274707031527611
-0.662633930201359
0.11542684555681304
0.4994950719860626
0.30959319369330696
0.26884949926187696
-0.4099466426182361
0.09373386668524727
0.2677656156760442
0.2071547988132878
0.31524234483479896
0.4294391048863963
0.7003801084874495
0.3716464433968342
-0.14559251529106476
0.14775079147563344
-0.811175393207533
0.08032879016380814
0.3332077455339389
0.11696083118389483
-0.587658402924764
0.14052859806432694
0.32692951669279774
0.16782047943530487
-0.45663478594119633
-0.9965989426023523
0.4682131839333079
0.6873644078904739
-0.2895554820355072
-0.5055375324361997
0.16817473024547985
0.630616535420256
0.6030128421225149
0.4091500556899875
-0.28798340981322484
-0.13408582888345394
-0.17647703788543373
-0.11380527844697061
-1.319894390191289
-0.2265386608588607
-0.2686833435078997
0.15818301864624507
0.10258451928941748
-0.6113212096967736
-1.3629232079261209
-0.24613560487350483
0.3397613920318544
0.409785814769546
0.5093498478357885
0.843411329811477
1.205648509098071
-0.026602183925674483
0.4425341885130848
-0.3143806807455929
0.40674192690945277
-0.2761185610757953
0.7431802696770078
0.4835363042336658
-0.4700289600431157
0.2200771488475109
0.2642421189150942
0.1145596363024699
0.39548028674995633
-0.12791598491653544
0.8493035835496697
1.0070279882516677
-0.009796591032193658
-0.43882519812916354
-0.8303823729301115
-1.1087556160876402
-0.7648904209341933
-0.7674216227230114
-0.09787661205112536
-0.05847023587239916
0.26657878496479265
0.26980925455572813
0.1188796896239002
-0.37278389045233656
0.316947317311557
0.2825579902226695
-0.11370367275786719
0.42680123881516474
-0.004817265076437982
0.5354715338373573
0.1717389407350392
0.44771259193507934
-0.283894779256937
-0.44892381262078995
0.07801039627313766
0.14134516813723683
0.295280764909306
-0.08932646732685112
-0.2843662574791349
-0.05412589956349678
0.4825600375450999
0.5702905399037718
0.8670710275399045
0.7480584079695619
0.5370109111867506
0.7770640912301516
0.8393495347877427
1.2604142287522049
0.7531974671243129
0.8848462476673707
-0.602858015278828
0.28215815391262133
-0.5308803791879115
0.05861738707173364
0.45346983053531204
0.7427362489970428
0.054573418124377104
-0.5677611070544863
-1.64193101963655
-0.696553732101403
0.03185028315589522
-0.11156255588079544
0.16941115559699615
0.3381089955127835
-0.12065409290709117
-0.21599254132050077
0.08453411342559203
0.2956478522573813
-0.14842039835065807
0.6441622990655278
0.5504450119237041
1.1628199724195971
1.0768758509868528
1.0841708567456174
0.9845308940886462
-0.021029946941728106
-0.22975036167810176
-0.0971673953152209
0.1304591075151268
0.045727835288023155
0.4524252619599345
0.6622332501876721
0.9223190920143565
1.0827766649559483
1.159695295963132
1.051260137404415
0.670049700497424
0.9059470579266401
0.9342628308863858
0.7775684425989471
0.5903860598379702
0.5703896486197562
0.43374740069009743
0.5627048291655099
0.6901705691844354
-0.28292472594659823
0.08624294981624803
0.20864346324545713
-0.3701756746572311
-0.15839456843731842
-0.35440537580214876
-0.10532354749673001
-0.6177941442802086
-0.10012261028703778
0.11616828318441598
0.29101852226003116
0.2650353244313908
0.00954831773200042
-0.002640157254537756
0.1330047110135351
-0.3144822278554127
-0.9443011134185735
-1.5901869550232766
-0.9715034988057962
-0.7189672333925494
-0.21542792080646755
-0.2067102463276615
-0.38439124368763466
-0.5028752283032509
-0.5879662348378287
-0.28934559211166627
-0.04307400610035916
0.11255487475245785
0.3949513979045575
-0.05804190106423385
0.0745332912879999
-0.054280647612350685
-0.35162125319494175
-0.21574267504883132
-0.5408987103870839
0.48335119297339335
0.6247276212014069
0.5318357166405364
0.5973146786621573
0.792575053129466
0.25885434657042117
0.6456579273714904
0.5179795718769403
0.7581627317582867
0.7902968411016955
0.5458899379274486
0.5837103671305306
0.5380480828666072
0.46867731468015605
-0.16528847945811465
-0.3438590791929861
0.02102041519606307
-0.16079785145578895
-0.09499084800259938
0.10691064774978518
-1.2742531607518954
-1.4882515112441994
-2.1287144651387155
-2.7154132092611416
-2.5501163215533094
-3.3813231303105153
-1.9790131528730501
-0.6450697403135581
0.010474710669654108
0.2457866495292218
0.4830267209191007
0.33308444018039124
0.5383644952740853
0.6484228796041744
0.7393287432713865
0.6000059607042006
0.4329279596669526
0.38072599489992304
0.2018375602789544
0.48126873528804903
-0.04073993729017411
0.09239071481481653
0.5120251897889263
0.3266760107639719
0.13439314735903532
-0.38221241695579744
-0.07995262036770645
0.0422654534803919
0.541387040562338
0.5291282910815138
0.6029317251909294
0.7492487643882311
0.5563417553597
0.4851417393230235
0.6250028150379603
0.5513846990869291
0.18102805759769652
0.11644108684021393
0.45712719609488334
-0.35949225253967604
0.34674975475912045
-0.16288077812878615
0.18070641471300483
-0.5670457577445389
0.0992002413061765
-0.3369310415425121
-0.5334057647732193
-0.45210232136015827
-1.0531109445367561
-1.6920160784056526
-1.3374979884591516
-1.652822227628756
-1.2818343107698413
-1.4292338485395866
-2.34552008874946
-2.6687208289467623
-2.824999000113678
-3.493700745112867
-1.4405699706555266
-0.49508902182169046
0.09382141752337536
-1.1569191635516212
-0.13336919788176738
-1.3912571013221995
-1.3283825642438207
-0.5343607583598016
-2.023725865174068
-1.2024519522888768
-0.29384620258659494
0.18573327204447948
0.034590324181435775
-0.2891168555582081
-0.03597954549110299
-0.9577836446872461
-0.9419277307252318
-0.5362388264479878
-0.5399978709086151
-0.7355278327547126
-0.21294686075705582
0.2781629937670157
0.19879443764552074
0.13599899692613426
0.37355740634235973
0.5265749897212816
0.6809768398981734
0.36063505432880055
0.21130786213822417
0.0881273916431558
0.1471343720263737
0.30167083348188084
0.19484133726143793
-1.5208796008081984
-1.8387087733659226
-0.8617966106397112
0.0744725134863369
-0.2838918843000496
-0.08561997808297589
0.5547473252996622
0.5064120832562163
0.6391875123123831
0.5813678398947553
0.565162950170302
-0.36208741554288776
-1.061823436780594
0.021031601660391808
0.30384690742956694
-0.6939808607154091
-0.7460577378130382
-1.0534369793309792
-1.7521067855812171
-1.7276369452857718
-1.0241106602409762
-1.1335448185826853
-1.0329756811434359
-0.6017957456381708
-0.3231367376739883
0.05979126160471687
0.43270070386745096
-0.21437779219273123
-0.3075630653806502
-0.9065560479759058
-0.3689482466576506
-0.7387929137797207
0.16658841772543193
0.19376433662303302
-0.3818120557616411
0.39955537793369916
-0.8460556227374951
0.10684512675501678
0.5866170935040871
-0.7991903423858074
-0.6126230358167759
-0.41270453893808134
-0.021606399594840675
-0.4265194974876505
-1.3817791796675094
-0.7212469550988987
-0.3534393066748841
-0.1178182688881135
-0.3906827733330357
0.035902235486863554
-1.444540147520408
-1.9046520544962158
-2.5527030072570875
-0.534854480493758
-0.04861871677257479
0.37204718726960617
0.6098806467266255
0.020763702295129638
-0.9778960855107026
-2.0579887280222406
-2.907309048669199
-3.8353708976354426
-2.0940056179477935
-1.7218379556545522
-1.3552725755903146
-1.5819944329174442
-1.099073435256322
-1.659080878844681
-1.1055961738042985
-1.8552396147063852
-1.4001249259126007
-0.35438529065213215
0.12671484653445098
-0.06605440342938917
-0.1033677223529687
0.21760356752513932
-0.8407693413994592
-0.24179322947832776
-0.3525348218689684
-0.7092211195865237
-1.1728783730396397
-1.6368932394492437
-2.738225121298874
-2.4823547543657263
-2.53931648277037
-2.5366312464172855
-2.0161716938181042
-1.0405060597228297
-0.9205890430351737
-0.4978110629615723
-0.8516106136957511
-0.5326917861332165
-0.04124035126727901
0.036296767286198794
-0.7395949876734383
-0.9555470256784835
-1.4843115424945215
-1.6738411540809248
-0.7697592543746652
-0.9485101392514506
-1.3502337725480191
-1.1667938625624064
-1.6030202974332284
-2.2154253198494693
-2.033517461499729
-1.6107731717042135
-1.0860245265320898
-1.5352056924244175
-2.0307687250792466
-1.853824287312973
-0.7746023988182273
-0.5942497283685175
-0.3817357155610204
-0.8748318336829206
-1.5415317403764066
-0.19505379387777771
-0.10463130368300133
-0.03287628070808657
0.051616713963105965
0.09174871029583409
0.331609486791835
0.7207075176689316
0.1749935785140202
0.7437793244415031
0.8990194412282022
0.8921914739837613
1.293640844116701
1.4582032569725727
1.2847762078455363
0.9853082595627698
1.0788439491570219
-0.08036381665913273
0.4807495174392506
-0.11303944396106075
0.5360319173492007
0.1488896641038454
0.3999527501318507
0.49204571617218185
1.092495898907786
0.8147672760430904
0.3997090719872758
0.25153002066127894
-0.524721910048523
0.05676984635958515
0.7150028263610604
0.1254415468128789
0.48330269252846303
0.1770770002452644
0.5216901934755329
0.8086194565159388
0.9734122302907697
0.802791151827428
0.915264628608287
0.9185954421158685
0.9531891716539942
0.7130192737000942
0.9841924762806441
0.8777293570395424
0.763715353170505
-0.25231255779328055
-1.1196555415972969
-1.475929880480196
-0.5292476092108163
-0.8922969712928368
-0.14970694765972992
0.38212853204685737
0.5135282291378422
0.3821452949017521
0.8985418171515638
0.6999407420216689
1.3949329956867915
1.0669192084500028
0.804045900709288
1.2219917152208974
1.0000277177326689
0.8355352921963131
1.0307542465713486
1.259793340999144
0.9272570108021281
0.5327340580339888
0.8385524510445841
-0.43411258629473903
0.24404237148061436
0.5883367954069703
0.7021460073582982
0.39209869628868377
0.3842066624861886
0.3598979187939929
0.42385606765468203
0.5149860350518141
0.7084477849151221
0.5183643734962156
1.035762018855171
0.962987512542505
-0.003688829203264188
0.4765706519221675
-1.1360173436837484
-0.12879160767031705
0.5409475353330644
0.6464115582772739
0.7053929413362854
1.1974985386725276
0.9078135232672404
0.26095582028228204
0.6712273465048496
1.1959361638911261
1.2239404307254198
0.679185188243778
0.21863178829794638
-0.5676070297749332
-1.7870917136235103
-2.1787600334399855
-0.3784072184327727
0.7119461558016723
0.6386153277365436
-0.8715296118200764
-2.0975778746698017
-2.738711969777234
-1.8476154329388281
-1.440669815798965
-1.2426737360897802
-0.7355173682460425
-1.0036652207673764
-0.5670964680611507
-0.19682652409738166
-0.2933906983430923
-0.006512738235049831
0.22404699799736366
0.17593737581799224
0.5702569492787217
0.300858558512433
0.5506081298583687
0.9073381922111676
0.7392268808299927
0.7855957816898956
1.123326524490876
1.236656336022868
0.9850092398646487
-0.24972492412503622
0.08236146509719601
0.03427806239194334
-1.2836845350989827
-2.040513592112582
-2.978929696593064
-4.462188858293008
-1.7469834148565175
-0.6174654495944072
-0.012786339852409734
0.12018050480711365
0.30186320208012224
0.6627855863193307
0.5355847124646682
0.3978253244188963
0.3425547266914234
0.6131492345248003
0.720057805206015
-0.007073315065500185
-0.381419706787512
-1.19476739854648
-1.7291364847356423
-2.1726114160153136
-2.138441406571137
-1.6925128176773516
-1.3153753480083499
-1.2093877676301819
-2.280611109609409
-1.2707081965651377
-0.37732900048584506
-0.11971965639729693
0.6876892528166961
0.20396193112689281
0.11335717528858422
0.0884625813431428
-0.1610430799023561
-0.13804176446394628
-0.03073088319893935
0.21113407548577134
0.38932913529100754
0.389926922357831
-0.04556477042414836
-0.568854389736418
0.45309213464970866
0.6103203485333983
1.0991681246145184
1.2156551620068978
1.3763093558725827
1.4140657757614503
1.4647422036304745
1.3035031440928357
1.6890868653717435
1.5151578457929427
1.485109606184422
1.6138723728574118
1.5987058871157194
1.4204846294775733
1.5029346769271503
1.6330559602115218
1.8994465130909055
1.7950940187972086
2.054712742721579
2.1022030162166514
1.9450405170638487
1.4053259702697105
1.868724772472437
1.5766073670835112
1.5059919435486986
1.5997138189659972
1.3689635848107267
1.6090681856586397
1.6467777989747747
1.7926971213934928
1.8098243125031601
2.19532585366039
1.888525806551649
1.3502311648573586
0.18986230329323672
-1.5490272681149706
-2.607496246434101
-2.4680617253535475
-3.1081186313265343
-0.197335468182407
0.5901317629294494
0.23905129770238787
0.2597330071839873
0.5983757383164595
0.6191927234479804
0.7313547052348622
0.7511819704693243
0.16733172644434668
0.3997110028295672
0.10893260252336773
0.3958412573246509
0.6765522878871484
-0.11225941489099744
-0.39029647907291587
0.3262414289828138
0.9359433299625275
1.024862838511721
0.6443617472490939
0.7445277969748955
0.7402981677037532
1.3056470375569253
1.1813222099303278
1.5220403385415686
1.4356796382162955
0.7665323273006746
1.271421987448379
1.666507982593784
1.49635653718826
1.0556816844284072
0.960214620755496
1.0722794868546863
1.335987588001321
1.1568691900583365
1.2250025188371507
1.6556510907447326
1.483897825835615
1.4258747639073905
1.685839350961428
1.5375088861276358
0.749035632780085
1.2872699793942792
1.1814018638421158
-1.1551826893652073
-1.0423126100816604
-1.1364821861917143
-0.051373368864871316
-0.878663019572907
0.35881307059613743
0.3931283430025434
0.5660070758918939
1.0797589664075873
1.0163631612078827
1.398304284456352
1.7132099048141305
1.6081260496530967
1.0787867460879919
1.0438657366535102
0.8648912657463199
-0.5263817070735113
-1.1636920307792062
-2.4657001779727405
-2.2518692386802543
-0.19569685262680037
-2.081560211399019
-2.2731928800910035
-1.116960570455811
-0.8935166821945817
-1.9853588411087604
-3.2169656371087925
-1.8001104787956308
-1.2382414721200437
-0.756715426932898
-0.08018278947595603
0.23500025711855999
-0.18278081449822636
-0.47360168038419714
-0.549852631543538
0.19775633443415916
0.5813361214072484
0.8510506470638617
1.0926123183054954
1.1423274181169543
1.1481673147765312
1.045274971182994
1.094990842563971
0.4857825805757631
0.6896853663259677
0.03059927259286188
0.6475308842278201
0.6248689605895115
0.5322360581731617
0.7798740491247447
1.0883031064714368
1.2783922114818358
0.7451616938550539
1.3748346117397108
0.9320541932793509
0.949093352546227
0.608265196080459
0.4794504687610591
0.42477226502082055
0.42546912802651343
0.17720503944258714
-1.1843023978855676
-0.813851832156901
-1.9802720754961058
-2.235755525875673
-1.2169688417879339
-0.7123862500466698
-0.7898406827568809
-2.347853832032211
-0.6998853020164786
-1.464638668914901
-2.1338033497443316
-0.592750702856174
-0.317965489440173
-0.41521818672736877
-0.40005195583694086
-1.0630973184233918
-0.8697545682302219
-0.035675799371899464
-0.9728551696334728
-1.2581977054101905
-2.1289162977067706
-1.4739103972114382
-1.7426212203265976
-0.7359127395813045
-2.6218528065049904
-0.9794098245983658
-1.852422470922588
-1.5710522341896047
-0.0358518319686944
0.9938172885149005
0.9370911190572467
1.1771222629187774
0.9822031881862717
0.9370404607276505
-0.26765306021548496
-1.0642476083512928
-0.36792510538335976
0.6428905813311074
0.9879433952835053
0.8000701974246007
-1.142453145423602
-0.05267189290996055
0.7122725399654253
0.7935645654427949
1.1865186728706043
1.066173040997847
1.291031438114592
1.216064181631674
1.1878660327741875
1.2494247922556654
1.2798093766116658
1.1144711011770358
1.1941013703572807
0.6870682287726994
-0.1410312797781299
0.16218542369751643
0.8480947090006634
1.2131057180719955
0.6011278011804387
-0.1891578596700193
-2.935280905054884
-1.4271800912191603
-0.5630510578839344
-1.3540604245619818
0.2708669161932853
0.4112838726650484
0.47333322204985157
-0.27763240600996275
-0.15385527917838043
-0.11491235674464473
-0.57772067063585
0.4030901274982889
0.8301387550800376
0.5172131167052623
0.5406766156945028
0.8494266345164305
0.8772835255684581
1.0402745374060127
0.37040691681899723
-0.7101704860614618
-0.09873993093943279
-1.253060194946967
-1.8922839385038441
-2.360902541951031
-0.4931233250049323
-1.9867769946694074
0.029408261512351375
0.4093900520106887
0.8285783001237332
0.6952201415945937
0.7186907944431729
0.7138601290275847
0.08549725083179205
0.6439253322067282
0.830650855293953
0.2196898877591424
-0.8103643780636638
-0.23120133704396734
0.3510015941784342
-0.231613558423797
-2.1414266791991308
-0.34566909878234037
-1.243417804314748
-0.03440882235886267
0.5725784698203741
1.293125014317354
0.9447908292636248
1.0091470243597027
-0.8989002075546304
-0.18188841866325844
0.8266671740227317
-0.006178745484137577
-1.4075672882987456
0.056241543878614964
-0.2224969199543118
-0.8457145662040904
0.6658441694671391
0.4819938634495412
-1.658332483693401
-1.3739151578998903
-2.869024894966418
-2.091480838866757
-0.5409508252344374
-1.0799905981944549
-0.5647426299277671
-0.4230529038549893
-0.3352783621547897
-0.25908038683147305
-0.09116355725281525
-0.0738534665051705
-0.5944081919887076
0.2541336794426503
-0.14030540276072045
0.275470624199956
0.34839123363320623
0.19141036470557135
-0.4222776816858962
-0.06621939490650494
-0.5499582977456731
-1.3447858806425759
-0.19470782165956318
-0.5803293632794351
-0.5992492384354222
-0.2226068463090104
-0.852410528237416
-0.5688254854604387
-0.06758048822843049
0.5642960092177138
0.8430339012512946
0.9561543931426022
0.6289137362228002
0.8230420398094945
0.1938108234647191
-0.12692396857319388
-0.08057872297611476
-0.5057828531108564
-0.15847454607524802
0.11680456669647249
0.28505064007167824
-0.005860672531772582
-0.27282617659847913
-0.32042749157188066
-2.1391808962990275
-3.5396418261539173
-3.460768661778488
-3.3668499054515335
-3.1349277735106105
